GRAPHEME	a	aː	aˑ	aˤ	ã	b	bː	bˤ	c	cʼ	d	dz	dɮ	dʑ	dʒ	dː	dˤ	d̪	e	eː	eˑ	ẽ	e̘	e̞	e̞ˤ	f	fʼ	h	i	iː	iˑ	iˤ	ĩ	i̘	j	k	kǀ	kǁ	kǂ	kǃ	kʘ	kʰ	kʷ	kʼ	kˤ	l	lˤ	m	mː	n	n̪	o	oː	oˑ	oˤ	õ	o̘	o̞	p	pʰ	pʼ	q	qʼ	r	rː	rˤ	s	sʼ	sˤ	t	ts	tɕ	tɬ	tʃ	tʰ	tʼ	tˤ	u	uː	uˤ	ũ	u̘	v	w	x	xʼ	y	z	zˤ	æ	ç	ð	ø	ħ	ŋ	ŋʷ	œ	ɐ	ɑ	ɒ	ɓ	ɔ	ɔː	ɕ	ɕʼ	ɖ	ɖʐ	ɗ	ɘ	ə̆	ɛ	ɛː	ɜ	ɞ	ɟ	ɠ	ɡ	ɡʷ	ɢ	ɢ̆	ɣ	ɤ	ɥ	ɦ	ɧ	ɨ	ɨ̘	ɪ	ɫ	ɬ	ɬʼ	ɭ	ɮ	ɯ	ɰ	ɱ	ɲ	ɳ	ɴ	ɵ	ɶ	ɸ	ɹ	ɺ	ɻ	ɽ	ɾ	ʀ	ʁ	ʂ	ʂʼ	ʃ	ʃʼ	ʄ	ʈ	ʈʂ	ʈʼ	ʉ	ʊ	ʋ	ʌ	ʍ	ʎ	ʏ	ʐ	ʑ	ʒ	ʔ	ʔˤ	ʕ	ʙ	ʛ	ʝ	ʟ	ʡ	β	θ	χ	χʼ	ᶑ	ⱱ
a	0.00	2.10	2.84	3.13	3.14	10.42	11.98	14.15	22.91	22.15	12.28	34.12	19.85	30.23	29.03	14.49	16.83	14.39	6.04	5.98	6.17	7.75	16.42	6.04	7.73	22.31	21.62	12.12	9.86	11.40	11.60	13.18	13.19	16.98	8.60	15.57	44.79	46.52	40.24	40.24	24.59	14.97	13.28	14.91	23.22	6.34	11.03	7.75	9.54	7.75	9.53	5.04	7.31	9.26	8.88	8.59	8.72	5.04	14.94	14.36	12.18	16.20	15.54	5.96	7.50	9.26	81.56	79.06	95.33	15.93	58.42	52.65	20.28	42.75	15.32	23.40	24.92	5.47	7.63	9.29	9.56	9.11	13.21	7.08	18.28	17.62	9.35	33.75	41.03	2.05	23.53	14.85	6.53	13.20	8.83	13.18	4.90	2.77	2.51	2.10	9.73	5.04	7.31	77.76	75.05	10.60	28.46	11.54	3.65	3.65	4.90	5.98	3.65	3.90	15.91	11.05	11.05	8.99	17.00	9.89	10.48	5.04	9.11	13.54	68.74	8.25	16.73	9.47	11.40	21.26	25.44	5.80	20.91	6.25	7.50	9.05	10.27	7.75	9.04	3.90	1.03	13.93	3.92	5.99	4.98	8.26	8.55	5.04	17.45	67.70	65.85	58.70	55.92	14.70	17.87	44.01	20.48	8.76	5.47	4.63	5.04	20.31	10.64	9.35	28.33	29.91	28.48	10.97	15.09	12.19	4.63	15.32	16.32	7.22	10.72	9.48	19.00	19.25	18.74	9.91	9.28
aː	2.10	0.00	2.84	3.83	3.84	11.98	8.76	16.70	26.03	25.25	14.42	37.61	22.74	32.95	31.80	10.71	19.55	16.85	7.78	4.13	4.13	9.60	25.34	7.78	9.58	25.40	24.59	14.38	11.40	6.16	6.33	15.64	15.67	26.03	10.22	18.14	50.29	52.03	44.84	44.84	27.15	17.49	15.90	17.44	26.17	8.19	12.94	9.54	7.75	9.74	11.24	7.31	5.04	9.26	10.71	10.72	10.42	7.31	17.46	16.86	16.52	18.83	18.11	7.68	4.98	11.04	83.26	81.48	95.93	18.46	66.57	59.02	23.16	48.51	17.90	26.57	27.95	7.63	5.47	11.16	11.17	10.83	15.68	9.12	21.27	20.53	10.97	37.26	45.36	2.39	26.64	17.34	8.35	15.59	10.47	15.64	6.44	2.77	3.07	2.54	11.41	7.31	5.04	90.18	88.51	11.98	31.27	13.34	4.54	4.63	5.98	4.13	4.54	4.84	18.39	12.71	12.71	10.64	19.68	11.55	12.07	7.31	10.73	15.82	76.33	9.85	25.71	11.01	13.48	24.11	28.69	7.54	23.76	7.93	9.29	10.75	12.03	9.74	10.64	4.84	2.10	16.45	4.80	7.84	6.61	9.89	10.09	7.31	20.26	75.54	73.09	67.25	65.23	17.14	17.87	49.59	23.43	10.31	6.49	5.80	7.31	23.54	12.43	10.97	31.05	32.48	31.32	14.72	19.86	14.08	5.80	17.72	18.95	9.09	12.42	11.98	21.90	22.41	21.69	11.41	10.92
aˑ	2.84	2.84	0.00	4.83	2.82	10.12	8.42	14.46	27.25	26.46	11.98	36.92	11.50	34.10	31.62	9.88	17.48	14.73	6.17	3.90	3.90	8.46	25.34	6.17	8.44	23.98	23.30	12.60	8.14	6.15	5.99	11.44	11.46	26.03	8.67	18.14	52.52	51.96	47.08	47.08	27.15	17.49	15.90	17.44	26.17	7.78	14.40	8.91	7.75	9.87	11.87	9.26	9.26	5.04	13.61	13.62	13.19	9.26	14.16	13.58	16.51	18.83	18.11	5.90	5.82	11.03	83.15	81.48	95.93	19.53	69.16	61.60	23.16	50.43	18.91	23.06	27.95	10.31	8.53	14.17	14.19	13.76	12.98	11.63	21.27	20.53	8.71	36.01	43.47	2.39	27.82	13.43	6.60	15.59	9.85	15.64	3.92	2.50	3.07	2.54	9.69	9.26	9.26	93.04	91.09	10.04	31.25	11.41	4.75	4.78	3.92	3.50	4.78	4.78	15.62	10.54	11.13	11.64	11.73	11.38	10.11	9.26	9.18	8.13	86.04	7.94	25.71	11.60	15.04	24.11	25.17	8.80	12.08	9.83	11.12	10.11	11.40	10.18	12.72	4.75	2.77	14.60	5.22	8.56	7.88	9.88	10.04	9.26	10.81	75.39	72.95	76.48	74.03	14.36	19.22	49.56	20.21	8.52	10.31	6.20	9.26	23.54	13.25	8.71	32.14	33.37	31.35	14.72	19.86	6.50	5.66	10.85	14.25	9.03	10.07	9.39	22.96	22.41	21.69	10.29	10.92
aˤ	3.13	3.83	4.83	0.00	5.45	11.94	14.20	8.42	29.72	29.09	14.34	39.97	13.16	36.47	34.11	17.25	10.42	16.83	7.73	8.23	8.44	9.91	21.49	7.73	3.90	26.65	25.84	14.57	8.52	10.23	11.44	5.91	11.76	22.08	10.07	22.54	56.78	56.07	51.34	51.34	35.55	22.54	23.77	22.11	16.92	9.27	8.30	11.01	12.08	11.01	13.67	8.88	10.51	13.61	5.04	11.05	11.89	8.88	16.27	15.70	16.20	24.05	23.38	7.39	10.83	5.82	94.76	92.97	72.72	21.70	75.09	66.93	25.64	55.35	21.70	25.64	18.43	9.29	10.95	5.47	12.70	12.35	15.03	10.50	23.64	22.85	9.07	38.86	36.48	2.84	30.11	15.50	8.23	17.67	11.29	17.76	4.79	2.68	3.59	3.04	11.05	7.66	9.57	92.63	90.76	12.07	33.61	13.15	6.04	5.84	4.49	5.69	5.69	6.16	17.76	11.98	13.09	13.82	14.09	12.98	11.57	9.26	10.57	9.59	92.16	8.32	21.82	13.18	14.96	26.65	27.70	10.18	13.97	9.41	10.72	11.57	13.05	11.01	11.01	6.61	2.89	16.72	6.47	9.98	9.34	11.26	11.41	9.67	12.34	83.03	81.29	83.61	81.96	16.45	21.70	54.64	22.59	8.87	8.15	7.84	9.26	25.95	15.32	9.07	34.69	35.71	33.71	14.42	10.23	8.00	7.05	12.34	16.34	10.42	11.48	10.78	25.51	24.83	24.03	11.67	12.40
ã	3.14	3.84	2.82	5.45	0.00	11.55	13.63	16.57	29.72	29.09	14.35	45.10	13.17	41.25	36.75	16.07	19.79	16.85	7.75	8.25	8.46	3.90	21.52	7.75	9.91	26.68	25.85	14.58	8.53	10.24	11.46	11.76	5.58	22.11	10.08	20.62	56.90	56.19	51.54	51.54	29.21	19.84	18.01	19.77	28.65	9.28	16.50	2.23	2.78	2.61	4.25	8.59	10.52	13.62	11.05	5.04	11.90	8.59	16.28	15.72	16.22	21.26	20.58	7.75	10.83	12.58	100.80	100.80	100.80	21.86	100.80	100.80	25.66	88.19	21.41	25.65	30.03	9.56	10.96	12.70	5.47	12.37	15.03	10.51	23.66	22.89	9.08	47.41	58.99	2.85	30.11	15.52	8.25	17.68	2.80	2.72	4.81	3.83	3.60	3.04	11.07	8.59	9.59	100.80	100.80	11.46	40.28	13.16	6.06	5.78	4.50	5.70	5.78	6.18	17.77	11.99	12.67	13.38	13.55	12.99	11.58	9.27	10.58	9.61	92.36	8.33	21.84	13.19	14.99	26.67	27.72	10.18	13.98	9.56	10.58	3.81	3.80	2.61	3.77	6.62	2.90	16.73	6.49	9.99	7.75	11.27	11.43	9.68	12.35	83.09	81.34	83.73	82.18	16.47	21.86	87.32	22.59	8.89	8.17	7.86	9.27	25.96	15.34	9.08	41.96	42.77	37.89	14.43	19.44	8.02	7.75	12.35	16.35	10.58	11.48	10.79	25.54	24.89	24.08	11.68	12.41
b	10.42	11.98	10.12	11.94	11.55	0.00	2.10	2.68	7.19	6.74	2.63	21.58	3.24	14.59	17.15	3.68	4.42	3.08	4.98	5.89	5.89	8.38	8.05	4.98	8.47	8.83	5.50	6.51	5.08	6.53	6.53	8.86	8.80	8.49	9.00	3.51	31.01	30.66	28.18	28.18	26.26	7.48	4.26	2.64	5.20	6.15	11.88	10.82	11.06	13.07	13.95	5.28	6.88	6.88	8.66	8.66	8.33	5.28	3.35	7.44	2.63	4.09	3.53	4.33	6.72	8.58	40.57	28.21	51.70	4.61	30.51	23.59	16.01	25.22	4.42	6.23	10.19	4.54	5.77	7.48	7.46	7.12	3.46	5.88	6.31	5.90	4.14	24.76	30.37	8.42	9.44	5.27	4.87	7.77	11.35	10.43	6.79	6.87	9.35	8.07	1.03	7.72	9.33	32.79	32.19	2.63	18.68	2.63	4.00	5.08	4.82	5.89	5.08	6.79	5.13	2.24	2.24	2.31	3.11	3.71	2.90	4.97	8.74	2.56	35.46	4.28	5.93	5.08	9.90	9.99	9.65	6.15	8.36	4.97	5.84	14.91	15.24	13.26	12.04	4.67	6.71	5.19	8.85	6.38	6.15	4.09	4.09	4.33	2.90	36.36	24.22	34.36	24.61	3.98	4.85	24.84	4.61	4.14	9.05	10.64	6.09	6.83	7.58	8.17	21.75	18.57	21.21	2.43	4.32	3.70	3.90	2.01	6.30	8.10	3.24	2.17	9.36	5.74	4.60	2.63	4.66
bː	11.98	8.76	8.42	14.20	13.63	2.10	0.00	3.43	9.02	8.58	2.63	24.56	3.95	17.14	19.87	2.94	5.56	3.76	5.89	4.82	4.82	9.39	9.11	5.89	9.38	10.44	7.15	8.53	6.53	5.08	5.08	9.79	9.80	9.49	9.00	4.27	34.21	33.82	31.08	31.08	29.58	9.15	5.16	3.28	6.78	6.42	13.58	11.06	9.20	15.53	16.47	6.88	5.28	5.28	10.34	10.36	10.06	6.88	4.10	9.11	3.28	4.96	4.32	5.44	5.10	10.30	45.94	30.82	58.51	5.75	33.62	26.58	18.41	28.42	5.47	8.11	11.94	5.77	4.54	9.37	9.39	9.10	4.19	7.66	8.18	7.65	5.09	27.98	33.29	10.12	11.22	6.74	6.06	9.63	13.28	12.14	8.65	8.74	11.05	9.81	2.10	9.33	7.72	36.12	35.23	2.63	21.63	2.63	5.03	6.13	5.89	4.82	5.97	8.46	5.13	2.50	2.50	2.75	3.11	4.49	3.56	5.84	10.26	3.45	39.49	5.75	8.41	6.53	11.03	11.84	11.39	8.15	9.98	5.75	7.88	17.41	17.81	15.73	14.28	5.78	8.60	6.66	11.20	8.25	7.21	5.12	4.89	5.27	2.90	40.65	27.39	38.12	27.66	3.98	6.05	28.11	5.71	4.97	10.59	12.36	7.09	8.78	9.21	9.78	24.76	21.50	24.10	3.06	5.39	3.70	4.80	2.26	8.05	10.02	3.88	2.79	11.19	7.49	5.78	2.63	5.82
bˤ	14.15	16.70	14.46	8.42	16.57	2.68	3.43	0.00	10.53	10.11	3.71	27.48	4.75	19.65	22.61	5.56	2.90	4.52	8.47	9.38	9.57	11.71	11.42	8.47	4.82	12.09	8.99	10.10	8.86	9.79	9.95	5.08	12.16	11.82	12.00	5.20	37.52	37.16	34.00	34.00	32.21	10.55	6.49	4.58	4.13	8.27	8.16	14.82	15.20	17.94	18.95	8.66	10.34	10.50	5.28	12.01	11.69	8.66	4.94	10.50	4.58	6.25	5.26	6.90	10.30	5.02	51.70	42.63	40.46	7.38	37.08	29.23	21.17	30.93	6.94	9.77	6.38	7.48	9.37	4.54	11.03	10.69	5.05	9.39	9.81	9.35	6.42	30.37	27.89	12.14	12.98	8.54	7.81	11.25	15.61	14.26	10.13	10.27	13.32	11.40	2.68	11.04	12.90	39.36	38.33	3.63	24.35	3.38	6.53	7.78	8.47	9.38	7.78	9.96	6.01	2.68	2.68	2.68	3.99	5.55	4.31	7.78	11.80	4.16	43.88	6.53	10.06	8.86	12.14	13.92	13.27	9.80	11.55	7.78	9.58	20.06	20.54	18.09	16.66	7.36	10.15	8.51	12.94	9.88	8.96	6.49	6.12	6.67	4.38	45.49	38.08	42.57	38.56	6.01	7.82	30.64	7.28	6.23	12.20	14.48	8.91	10.38	10.80	11.28	27.69	23.94	27.07	4.32	2.81	5.65	5.91	2.75	9.63	11.56	4.56	3.41	12.98	9.24	7.48	3.31	7.51
c	22.91	26.03	27.25	29.72	29.72	7.19	9.02	10.53	0.00	2.38	4.34	21.73	16.06	20.47	15.27	7.73	9.46	5.32	13.30	14.76	14.78	16.89	16.70	13.30	16.78	8.80	8.33	7.64	11.53	13.33	13.33	14.89	15.32	14.88	14.18	4.53	28.57	29.46	25.35	25.35	27.75	4.53	4.53	3.41	7.09	13.74	22.73	23.82	26.98	21.18	24.05	21.83	24.79	25.13	27.65	27.68	27.21	21.83	5.13	5.13	3.41	6.51	7.25	11.22	12.47	14.67	34.15	33.18	41.95	2.93	21.02	19.14	4.67	13.69	2.93	3.32	6.95	20.26	22.87	25.74	25.78	25.24	10.78	22.18	6.57	6.57	11.53	31.48	37.55	18.94	4.80	8.80	14.02	14.09	21.75	17.52	15.71	24.72	25.76	26.74	6.40	21.83	24.79	39.89	38.71	4.73	16.02	4.01	17.12	18.73	15.71	17.89	18.73	19.91	3.30	4.82	5.29	7.10	10.69	14.89	8.42	18.86	14.93	7.51	33.88	15.55	20.32	13.19	18.38	11.78	11.37	13.74	9.94	17.14	17.86	28.01	20.15	21.91	25.59	19.91	21.87	6.57	13.74	13.10	13.74	11.66	12.09	11.42	12.84	30.90	30.16	26.29	25.45	3.00	2.93	14.36	2.93	18.12	20.26	20.11	20.49	12.21	11.69	14.52	28.75	35.58	24.86	5.13	7.09	15.61	10.13	9.63	7.57	12.32	5.13	9.44	10.52	11.69	11.27	4.36	17.70
cʼ	22.15	25.25	26.46	29.09	29.09	6.74	8.58	10.11	2.38	0.00	2.91	21.73	9.85	19.65	14.61	4.68	6.63	3.58	12.73	13.88	14.14	16.26	15.85	12.73	16.26	8.33	8.86	7.64	10.94	12.56	12.56	14.43	14.66	14.22	13.57	3.41	27.67	28.62	24.52	24.52	26.92	3.41	3.41	4.53	5.11	14.81	27.91	16.61	19.28	14.70	17.24	21.11	23.96	24.31	26.90	26.92	26.42	21.11	3.41	3.41	5.13	7.25	7.80	10.76	11.93	14.03	33.18	33.66	40.73	2.93	20.23	18.39	3.55	13.07	2.93	4.39	4.99	19.17	22.10	24.93	24.96	24.40	10.35	21.21	6.57	6.57	10.94	30.69	36.71	18.19	4.49	8.44	13.42	13.49	15.88	16.61	14.82	23.86	24.93	25.89	5.98	21.11	23.96	38.71	40.06	3.10	15.30	2.66	16.46	18.15	14.82	16.96	17.91	19.14	2.69	4.59	5.00	6.67	8.88	14.22	8.42	18.13	14.30	7.51	32.96	14.90	19.50	12.47	17.74	11.37	11.88	18.37	9.94	16.49	17.15	27.11	13.87	15.43	19.17	19.14	21.15	6.57	14.81	12.56	18.37	11.25	11.64	10.98	12.30	30.16	30.55	25.45	26.48	2.42	2.93	13.71	2.93	17.42	19.17	19.31	19.66	12.21	11.69	13.68	27.93	26.44	24.02	2.61	3.88	14.93	9.72	7.62	7.57	11.81	2.16	9.44	10.14	11.27	11.69	2.79	17.00
d	12.28	14.42	11.98	14.34	14.35	2.63	2.63	3.71	4.34	2.91	0.00	17.54	3.89	12.78	11.94	3.28	3.97	1.97	4.82	6.47	6.47	8.34	7.99	4.82	8.54	10.12	9.72	7.51	5.43	7.05	7.05	8.54	8.77	8.44	9.15	4.11	28.99	29.72	25.71	25.71	28.18	3.92	7.20	4.18	6.23	6.15	12.24	13.07	15.53	11.67	12.16	10.29	11.93	12.13	13.97	13.98	13.56	10.29	4.61	4.42	4.39	5.08	3.66	3.90	5.60	7.22	35.23	27.03	43.16	3.30	26.38	21.73	15.08	18.79	7.18	3.49	8.61	8.43	10.09	11.69	11.69	11.39	4.18	10.78	7.57	7.57	11.14	20.86	29.37	10.60	8.42	4.70	7.88	14.00	12.29	12.90	10.80	8.11	16.39	9.22	2.63	11.65	13.62	28.03	27.19	2.63	11.61	1.03	4.00	6.85	5.84	6.47	6.85	10.64	2.93	2.63	2.63	4.24	3.34	4.10	3.55	4.97	11.59	3.65	30.74	4.28	6.94	9.23	9.90	9.38	8.94	6.15	8.13	4.97	9.97	14.78	13.00	12.84	13.14	9.33	7.59	8.88	10.67	5.35	6.15	3.70	3.07	4.18	4.53	27.79	23.14	29.03	22.36	2.93	4.31	18.47	2.82	7.25	12.56	12.26	7.87	13.58	7.88	11.63	15.19	16.60	15.80	3.95	5.83	5.26	4.33	2.09	3.72	6.15	2.98	3.85	8.18	11.66	11.27	2.63	4.94
dz	34.12	37.61	36.92	39.97	45.10	21.58	24.56	27.48	21.73	21.73	17.54	0.00	10.17	2.87	3.18	14.11	24.54	13.09	26.85	31.21	31.53	32.71	33.41	26.85	34.06	26.16	25.38	21.94	23.44	26.45	26.72	29.20	33.40	28.70	26.81	27.44	40.49	39.96	41.60	41.60	47.79	26.73	24.06	23.44	33.05	29.76	37.57	43.76	49.43	38.27	37.39	32.97	36.52	36.97	47.22	59.90	39.52	32.97	30.51	29.93	29.83	28.85	24.64	24.12	26.27	29.67	10.09	9.72	13.71	26.38	4.81	4.42	23.02	6.74	25.60	22.39	30.25	32.65	36.10	49.13	61.67	38.85	19.25	36.14	23.79	22.97	24.27	3.11	4.39	32.18	22.57	13.40	27.82	28.64	39.84	41.45	29.43	34.08	41.72	43.11	20.13	31.73	34.90	10.91	10.47	16.45	1.94	16.31	29.79	29.79	28.40	31.25	29.79	30.37	13.43	16.68	17.95	18.75	24.16	32.46	15.79	32.16	27.75	21.44	12.52	29.68	35.10	24.98	33.44	24.27	23.55	31.76	12.21	31.81	35.12	48.26	35.07	41.20	54.39	30.37	32.83	29.57	32.11	27.94	30.17	25.12	26.37	31.37	24.94	11.75	11.36	11.96	11.54	12.31	25.32	6.55	23.04	30.32	32.40	34.57	30.74	32.31	25.87	24.27	4.52	4.50	4.52	22.44	28.38	30.94	25.34	22.01	13.51	25.00	20.57	22.06	18.28	25.10	24.21	15.21	28.94
dɮ	19.85	22.74	11.50	13.16	13.17	3.24	3.95	4.75	16.06	9.85	3.89	10.17	0.00	10.99	13.57	2.10	4.72	3.73	7.81	9.35	9.35	11.02	10.69	7.81	11.11	8.78	8.31	6.97	7.81	9.84	9.84	11.11	11.22	10.88	9.80	14.95	29.97	29.74	30.56	30.56	31.79	14.54	15.81	9.19	20.01	5.74	7.33	14.41	16.96	13.60	15.50	10.84	12.69	12.91	14.95	14.96	14.51	10.84	16.01	15.45	9.81	18.16	17.50	4.83	6.19	8.00	24.27	23.55	30.04	15.08	23.02	18.56	3.10	25.48	14.54	5.39	9.17	9.50	11.22	14.71	13.02	12.65	6.93	11.49	6.73	6.29	8.60	12.21	25.09	9.79	7.46	2.62	11.34	9.54	13.51	14.24	10.85	10.10	10.66	11.23	2.94	11.72	13.89	23.42	22.58	2.06	13.35	3.58	6.46	8.81	7.77	9.35	8.81	10.67	3.52	2.75	2.99	3.64	13.22	7.81	5.61	7.69	10.55	5.88	23.75	6.46	9.70	11.72	6.47	5.97	5.97	5.03	1.99	7.69	10.57	16.23	16.99	13.24	14.49	9.82	18.84	7.41	10.57	3.37	8.16	6.82	7.02	5.69	6.25	25.01	24.16	20.42	19.60	4.22	14.95	23.74	9.06	8.38	9.50	15.07	9.77	9.21	6.52	8.60	16.24	14.13	16.52	8.73	11.81	8.16	5.65	12.13	6.86	5.62	11.73	5.84	9.14	7.47	7.00	1.99	9.07
dʑ	30.23	32.95	34.10	36.47	41.25	14.59	17.14	19.65	20.47	19.65	12.78	2.87	10.99	0.00	2.86	15.35	17.74	12.31	25.04	28.99	29.25	34.79	30.78	25.04	31.29	26.47	25.62	23.31	23.90	27.00	27.36	29.71	32.72	29.35	24.75	22.64	32.54	33.20	33.11	33.11	35.26	21.99	23.59	21.92	28.36	25.07	30.58	36.68	40.50	31.77	31.06	36.90	40.79	41.22	56.81	70.33	44.11	36.90	23.59	22.90	22.78	26.51	25.67	22.84	26.01	28.92	10.91	10.47	14.99	21.73	4.42	3.96	18.56	6.97	20.80	20.84	27.20	34.66	38.17	52.93	66.53	41.29	16.49	38.38	23.07	22.34	24.85	4.50	7.03	29.38	23.21	12.38	25.96	30.01	35.63	36.68	26.86	31.92	54.47	56.93	13.38	36.42	40.09	9.95	9.57	13.43	3.01	11.79	28.08	28.36	25.89	28.99	28.08	29.03	12.10	12.68	13.83	14.59	28.90	37.51	13.92	35.72	25.66	14.06	14.13	26.09	30.99	23.12	38.88	23.42	22.58	25.87	14.13	33.46	37.18	39.43	30.73	35.07	67.01	29.03	29.59	28.14	25.58	25.43	24.35	24.35	23.88	36.30	29.63	13.90	13.30	13.27	12.73	11.26	21.73	7.43	21.73	27.05	34.22	29.82	35.32	31.04	23.95	24.85	8.09	3.11	7.61	21.73	26.57	38.77	24.96	26.52	12.16	26.47	17.58	14.66	23.56	26.94	26.14	12.31	28.37
dʒ	29.03	31.80	31.62	34.11	36.75	17.15	19.87	22.61	15.27	14.61	11.94	3.18	13.57	2.86	0.00	20.41	25.60	16.84	19.40	23.10	23.50	30.19	25.43	19.40	25.92	22.22	21.54	16.87	17.67	20.53	20.86	23.03	30.84	22.58	21.36	21.78	40.29	41.60	30.91	30.91	38.40	21.14	20.70	21.08	27.64	23.54	35.69	36.62	40.85	31.11	34.20	29.14	31.94	32.24	42.24	46.91	34.26	29.14	25.22	24.45	24.39	21.16	20.37	17.81	27.34	30.31	11.96	11.54	16.44	18.79	6.74	6.97	25.48	3.52	18.15	23.46	32.08	28.58	31.36	44.02	48.46	33.51	15.87	31.61	18.81	18.09	18.43	4.52	7.01	27.19	21.32	14.59	20.33	23.36	33.86	35.01	23.38	29.46	40.55	42.27	16.01	28.23	31.01	13.27	12.73	11.61	2.63	11.18	19.86	25.18	22.42	25.49	24.81	25.83	8.90	12.71	13.79	14.51	19.10	26.32	12.30	28.15	22.18	17.01	7.51	23.70	29.25	16.97	34.76	20.42	19.60	26.53	16.52	27.54	30.53	39.54	29.12	34.53	43.28	20.87	27.76	23.68	26.49	21.06	23.94	18.98	19.49	25.21	19.02	7.46	7.02	7.00	6.56	8.01	18.47	3.72	17.82	24.66	28.97	29.77	27.24	26.81	19.06	18.45	2.56	7.61	2.56	18.25	23.88	30.22	19.91	17.22	9.89	21.31	15.39	17.67	22.97	20.02	19.22	10.79	22.44
dː	14.49	10.71	9.88	17.25	16.07	3.68	2.94	5.56	7.73	4.68	3.28	14.11	2.10	15.35	20.41	0.00	5.49	2.63	9.05	6.86	6.86	12.19	11.86	9.05	12.18	12.29	11.75	10.53	9.18	6.86	6.86	12.40	12.42	12.05	10.62	6.73	31.99	31.68	32.57	32.57	33.82	6.31	8.20	6.26	10.29	10.14	12.75	16.15	13.36	15.21	17.13	11.99	10.13	10.27	16.61	16.64	16.21	11.99	8.61	8.16	8.11	8.57	5.46	5.60	4.50	9.20	37.13	28.25	45.88	6.75	27.77	24.42	7.40	29.58	10.79	4.03	9.44	10.59	8.75	16.38	14.63	14.20	7.92	12.74	10.31	9.90	9.72	17.13	30.98	11.71	11.05	3.97	12.54	13.25	15.11	15.94	11.98	12.33	12.80	13.77	3.37	13.06	11.04	33.70	32.89	2.31	19.12	2.99	7.17	9.40	9.05	6.35	9.22	11.76	4.02	3.13	3.41	4.12	5.16	5.73	5.92	8.46	11.68	6.11	42.09	7.62	10.80	13.04	11.49	13.37	12.76	10.14	4.29	8.87	11.72	17.96	18.76	14.86	16.15	10.87	11.44	11.00	11.72	9.16	8.87	4.46	5.61	6.77	6.84	37.99	29.68	39.42	29.87	4.72	6.21	28.49	4.21	9.53	10.59	16.73	10.28	12.86	11.03	9.72	22.95	19.39	23.73	4.95	8.21	9.86	6.72	2.82	10.24	11.03	3.98	6.54	12.51	11.06	10.56	2.13	8.63
dˤ	16.83	19.55	17.48	10.42	19.79	4.42	5.56	2.90	9.46	6.63	3.97	24.54	4.72	17.74	25.60	5.49	0.00	3.78	10.56	12.18	12.39	14.35	13.93	10.56	6.86	14.45	13.81	12.21	10.57	12.40	12.63	6.86	14.61	14.19	12.23	8.57	35.02	34.67	35.76	35.76	37.16	8.12	9.85	8.07	5.04	12.24	7.22	18.49	21.45	17.63	19.72	14.08	16.61	16.85	10.02	19.08	18.59	14.08	10.19	9.81	9.77	10.16	7.00	7.22	9.20	4.43	41.53	39.24	32.91	8.61	30.25	27.20	9.17	32.08	12.42	5.46	4.53	13.87	16.38	9.85	18.80	18.31	9.61	15.02	11.97	11.51	12.63	28.33	21.81	14.99	12.79	4.79	14.71	15.58	17.46	18.30	14.03	15.51	16.33	17.10	4.05	15.40	17.98	36.81	35.91	4.62	25.27	3.59	8.99	11.00	10.03	11.74	10.79	13.76	4.81	3.75	4.11	4.94	6.44	7.42	7.35	10.07	13.66	7.35	45.55	9.36	12.54	15.33	13.39	15.71	15.03	11.29	5.24	10.45	13.45	20.65	21.55	17.24	18.61	12.59	13.34	12.74	14.15	10.73	10.41	5.57	7.27	8.63	8.39	41.53	40.39	43.16	40.76	5.74	8.03	30.96	5.76	12.38	13.87	19.23	11.92	15.12	13.47	12.63	29.06	22.00	29.37	6.22	3.93	11.44	8.58	3.44	11.77	12.14	4.75	8.35	14.69	12.80	12.25	4.23	10.23
d̪	14.39	16.85	14.73	16.83	16.85	3.08	3.76	4.52	5.32	3.58	1.97	13.09	3.73	12.31	16.84	2.63	3.78	0.00	6.86	9.05	9.05	10.58	10.27	6.86	10.56	10.65	10.21	8.73	7.49	9.18	9.18	10.75	10.77	10.46	10.62	4.96	28.22	29.13	28.99	28.99	31.01	4.74	8.97	5.06	8.19	8.16	11.80	13.95	16.47	12.16	13.11	11.92	14.11	14.36	16.48	16.49	16.09	11.92	6.89	6.46	6.40	6.85	4.46	4.86	5.30	6.76	35.23	25.51	43.16	4.74	25.61	20.84	5.00	24.79	8.85	3.33	8.14	10.08	11.77	13.82	13.83	13.44	6.22	12.54	8.80	8.44	12.85	17.17	28.66	12.41	8.80	3.07	10.35	11.44	13.02	13.75	12.47	9.84	18.96	10.92	2.80	13.61	16.10	27.30	26.55	2.76	17.54	1.91	5.47	8.81	7.77	9.05	8.81	12.25	3.14	2.52	2.76	4.45	4.36	4.99	4.87	6.42	13.52	4.99	36.42	5.47	8.69	10.75	9.98	11.57	11.15	8.16	3.56	6.42	11.72	15.75	15.42	12.80	14.01	10.86	9.31	9.36	12.29	6.82	8.16	4.50	3.98	5.00	4.53	35.23	27.03	34.33	26.21	3.83	5.25	26.38	3.49	9.04	14.79	14.49	9.77	11.16	9.58	13.54	20.86	16.07	20.00	4.74	7.63	8.34	5.43	2.49	8.29	8.16	3.58	5.27	10.30	9.54	9.10	2.52	6.32
e	6.04	7.78	6.17	7.73	7.75	4.98	5.89	8.47	13.30	12.73	4.82	26.85	7.81	25.04	19.40	9.05	10.56	6.86	0.00	2.84	2.84	3.44	2.84	1.03	3.51	16.53	15.93	9.66	2.84	2.84	2.84	3.51	3.59	2.84	2.84	10.68	40.01	41.36	36.20	36.20	23.42	10.68	10.68	10.68	17.05	3.91	7.67	6.34	8.81	6.34	10.71	5.52	3.96	3.96	8.36	7.82	8.05	5.52	9.66	9.66	9.03	13.13	13.13	2.85	4.49	5.57	69.70	68.17	86.19	12.14	47.29	57.25	13.97	33.47	12.14	20.35	17.99	5.14	6.41	8.16	8.20	9.93	6.96	7.44	13.96	13.96	2.77	25.81	31.28	3.65	13.71	6.86	2.24	18.03	7.66	11.22	2.09	4.90	5.52	5.52	4.98	5.52	3.96	63.23	61.07	4.98	20.24	4.62	2.42	3.33	2.03	2.36	3.38	3.60	6.77	5.56	5.56	7.70	6.72	7.01	5.56	5.52	2.77	4.23	48.54	2.93	3.89	2.28	10.63	14.78	22.29	3.91	8.44	5.14	6.81	8.32	5.78	6.34	6.54	2.61	5.59	9.66	5.00	3.40	3.32	3.23	3.23	5.52	5.82	52.30	50.21	47.19	45.14	6.03	12.14	36.62	17.60	2.93	5.14	4.21	5.52	15.88	3.56	2.56	19.67	24.68	18.91	7.35	10.68	17.71	2.96	5.66	7.09	5.47	5.82	4.98	12.74	15.88	15.88	4.98	3.78
eː	5.98	4.13	3.90	8.23	8.25	5.89	4.82	9.38	14.76	13.88	6.47	31.21	9.35	28.99	23.10	6.86	12.18	9.05	2.84	0.00	1.03	3.10	3.00	2.84	4.83	20.11	19.31	10.20	1.99	1.99	1.99	5.17	3.27	3.14	1.99	13.09	46.37	45.58	41.40	41.40	26.10	12.59	14.08	12.47	19.63	5.44	9.36	9.44	6.34	8.94	13.00	3.96	4.64	4.64	6.74	6.04	5.62	3.96	11.56	11.17	13.65	15.72	15.03	3.69	3.91	7.39	86.52	84.43	99.26	12.14	56.25	67.86	16.01	40.89	12.14	19.77	20.26	7.03	5.71	10.34	10.37	11.43	8.65	9.43	16.55	15.94	2.50	32.54	39.21	4.40	14.76	9.57	2.77	20.65	10.02	12.88	2.51	5.37	5.00	5.00	5.23	3.96	4.64	91.82	89.85	6.47	22.77	5.86	2.94	3.98	2.32	2.00	3.98	4.25	9.09	5.85	6.53	9.35	7.56	4.34	7.76	3.96	3.17	5.92	56.41	4.84	6.46	2.96	7.34	16.78	21.77	5.30	9.90	6.38	8.94	10.59	8.04	10.64	7.74	3.16	5.46	11.88	6.48	5.58	3.92	4.05	4.05	3.96	8.97	59.74	56.96	60.74	58.16	8.21	12.14	40.31	18.37	5.13	7.90	5.06	3.96	18.40	4.66	4.27	22.28	28.52	22.54	12.16	16.77	10.80	3.69	6.26	9.39	5.92	7.49	6.97	15.86	17.81	17.14	5.23	4.50
eˑ	6.17	4.13	3.90	8.44	8.46	5.89	4.82	9.57	14.78	14.14	6.47	31.53	9.35	29.25	23.50	6.86	12.39	9.05	2.84	1.03	0.00	3.17	3.00	2.84	4.83	20.41	19.58	13.23	1.99	1.99	1.99	5.31	3.34	3.22	1.99	13.09	46.83	46.28	41.84	41.84	26.41	12.59	14.08	12.68	19.91	5.57	9.57	9.44	6.34	9.11	13.22	3.96	4.64	4.64	6.74	6.04	5.77	3.96	14.77	13.98	13.91	15.72	15.03	3.77	3.91	7.60	87.45	84.96	99.63	12.14	57.30	68.40	16.23	41.36	12.14	20.10	20.60	7.03	5.71	10.49	10.51	11.62	8.84	9.63	16.55	15.94	2.50	32.85	39.60	4.75	15.23	9.57	2.77	20.98	10.02	13.10	2.51	5.49	5.00	5.00	5.36	3.96	4.64	92.50	90.24	6.47	23.09	5.86	3.00	3.98	2.36	2.00	3.98	4.25	9.09	5.85	6.53	9.35	7.78	4.41	7.76	3.96	3.17	6.05	57.54	4.84	6.64	3.01	7.55	17.05	22.01	5.44	9.90	6.55	9.10	10.77	8.24	10.64	10.46	3.23	5.57	14.77	6.65	5.70	3.92	4.05	4.05	3.96	9.13	60.71	58.10	61.53	59.12	8.41	12.14	40.86	18.37	5.13	8.10	4.96	3.96	18.40	4.76	4.27	22.53	28.88	22.85	12.37	17.03	11.00	3.77	6.43	9.39	5.92	10.44	6.97	16.11	17.81	17.14	5.36	4.57
ẽ	7.75	9.60	8.46	9.91	3.90	8.38	9.39	11.71	16.89	16.26	8.34	32.71	11.02	34.79	30.19	12.19	14.35	10.58	3.44	3.10	3.17	0.00	3.66	3.44	6.13	22.81	22.06	11.79	2.58	3.27	3.34	6.55	1.99	3.88	3.10	15.36	51.18	50.60	45.81	45.81	28.59	14.72	16.86	14.67	22.27	6.34	11.02	1.95	2.17	1.89	2.86	7.82	6.04	6.04	11.08	4.64	10.74	7.82	13.51	12.94	11.80	17.64	16.97	4.43	7.40	9.21	100.24	99.11	100.80	14.91	98.51	91.16	18.36	65.97	14.91	22.49	22.74	8.54	10.37	12.00	5.71	13.33	10.21	10.98	18.84	18.11	4.35	33.74	40.37	5.26	17.38	10.91	3.66	23.27	2.11	2.06	3.07	6.84	7.40	8.04	7.42	7.82	6.04	93.79	91.96	7.46	29.95	7.36	3.72	4.91	2.86	3.56	4.91	4.91	10.58	8.51	9.34	10.84	10.04	6.54	9.85	6.61	5.07	7.54	64.17	5.65	8.32	3.61	11.65	19.28	24.56	6.34	11.60	8.54	10.43	2.59	1.91	1.92	2.40	3.72	6.91	13.96	8.21	6.34	6.34	6.34	6.34	7.21	10.50	67.45	65.54	67.99	66.45	9.80	14.91	65.15	19.57	6.38	9.32	7.15	6.61	20.90	5.80	5.08	30.81	35.83	31.17	10.59	14.63	12.55	4.43	8.83	10.90	7.66	9.18	8.92	18.21	20.03	19.24	6.55	5.55
e̘	16.42	25.34	25.34	21.49	21.52	8.05	9.11	11.42	16.70	15.85	7.99	33.41	10.69	30.78	25.43	11.86	13.93	10.27	2.84	3.00	3.00	3.66	0.00	2.84	5.87	22.32	21.63	11.78	2.47	3.14	3.22	6.24	3.88	1.99	2.95	14.90	50.01	49.45	44.73	44.73	28.16	14.32	16.44	14.24	21.82	6.57	10.67	10.60	12.50	10.68	14.85	7.28	5.62	5.77	10.73	10.74	4.64	7.28	12.85	12.36	11.68	17.18	16.55	4.28	7.06	8.93	84.37	82.98	97.12	14.63	62.92	72.76	17.95	44.48	14.18	21.97	22.30	9.79	11.43	13.31	13.33	5.71	9.92	10.65	18.18	17.51	3.41	35.17	42.55	14.51	16.70	10.59	3.61	22.71	11.63	14.69	11.48	16.88	7.06	7.67	7.11	6.78	5.93	79.49	77.14	7.13	25.11	7.05	3.47	4.57	11.04	12.66	4.66	4.96	10.28	8.19	9.06	10.52	9.76	7.52	9.56	6.73	3.76	7.24	62.77	5.05	4.24	11.52	11.34	18.80	23.96	6.38	11.30	9.24	10.15	11.91	9.40	11.84	10.60	3.71	15.55	13.82	7.89	6.79	4.50	4.59	4.70	6.88	10.23	66.17	64.13	67.05	64.96	9.52	14.63	44.06	19.42	5.45	10.10	6.08	6.22	20.33	5.58	11.81	24.47	30.28	24.79	10.29	14.20	12.18	4.28	8.53	10.60	7.55	8.91	8.62	17.78	19.48	18.76	6.26	5.32
e̞	6.04	7.78	6.17	7.73	7.75	4.98	5.89	8.47	13.30	12.73	4.82	26.85	7.81	25.04	19.40	9.05	10.56	6.86	1.03	2.84	2.84	3.44	2.84	0.00	3.51	16.53	15.93	9.66	2.84	2.84	2.84	3.51	3.59	2.84	2.84	10.68	40.01	41.36	36.20	36.20	23.42	10.68	10.68	10.68	17.05	3.91	7.67	6.34	8.81	6.34	10.71	5.52	3.96	3.96	8.36	7.82	8.05	5.52	9.66	9.66	9.03	13.13	13.13	2.85	4.49	5.57	69.70	68.17	86.19	12.14	47.29	57.25	13.97	33.47	12.14	20.35	17.99	5.14	6.41	8.16	8.20	9.93	6.96	7.44	13.96	13.96	2.77	25.81	31.28	3.65	13.71	6.86	2.24	18.03	7.66	11.22	2.09	4.90	5.52	5.52	4.98	5.52	3.96	63.23	61.07	4.98	20.24	4.62	2.42	3.33	2.03	2.36	3.38	3.60	6.77	5.56	5.56	7.70	6.72	7.01	5.56	5.52	2.77	4.23	48.54	2.93	3.89	2.28	10.63	14.78	22.29	3.91	8.44	5.14	6.81	8.32	5.78	6.34	6.54	2.61	5.59	9.66	5.00	3.40	3.32	3.23	3.23	5.52	5.82	52.30	50.21	47.19	45.14	6.03	12.14	36.62	17.60	2.93	5.14	4.21	5.52	15.88	3.56	2.56	19.67	24.68	18.91	7.35	10.68	17.71	2.96	5.66	7.09	5.47	5.82	4.98	12.74	15.88	15.88	4.98	3.78
e̞ˤ	7.73	9.58	8.44	3.90	9.91	8.47	9.38	4.82	16.78	16.26	8.54	34.06	11.11	31.29	25.92	12.18	6.86	10.56	3.51	4.83	4.83	6.13	5.87	3.51	0.00	22.77	22.04	11.77	3.99	5.17	5.31	1.99	6.55	6.24	4.53	17.05	51.13	50.50	45.72	45.72	31.52	16.32	19.63	16.26	10.68	6.89	3.91	11.01	12.83	11.01	15.26	6.74	6.74	6.74	4.64	11.08	10.73	6.74	13.50	12.93	12.25	18.02	17.30	4.42	7.39	3.91	85.43	83.90	58.48	14.77	64.21	74.27	18.80	45.42	14.77	22.48	12.74	8.69	10.34	5.71	12.00	13.31	10.21	10.97	18.80	18.09	3.05	35.64	29.40	5.25	17.36	10.89	3.65	23.24	11.76	15.10	3.06	6.82	7.37	8.03	7.41	6.74	6.74	81.07	78.69	7.69	25.61	7.34	3.57	4.73	2.86	3.55	4.83	5.15	10.57	8.50	9.91	10.83	9.91	7.88	9.84	6.40	3.89	7.52	64.09	6.01	8.30	3.59	11.64	18.80	24.55	6.68	11.66	8.11	10.43	12.22	9.71	11.01	11.01	3.85	6.90	13.93	8.20	7.09	4.64	4.76	4.87	7.19	10.49	67.37	65.50	67.90	66.25	9.79	14.77	44.70	19.55	6.01	9.53	6.38	6.40	20.87	5.79	5.07	24.98	30.76	25.31	10.68	6.85	12.53	4.42	9.00	10.89	7.91	9.17	8.91	17.99	20.00	19.21	6.54	5.54
f	22.31	25.40	23.98	26.65	26.68	8.83	10.44	12.09	8.80	8.33	10.12	26.16	8.78	26.47	22.22	12.29	14.45	10.65	16.53	20.11	20.41	22.81	22.32	16.53	22.77	0.00	2.32	5.37	15.52	18.23	18.51	21.03	21.06	20.53	19.75	7.74	18.44	18.19	16.64	16.64	17.46	7.30	8.70	9.10	11.08	21.43	31.96	31.50	34.78	32.05	35.24	19.33	22.28	22.55	25.12	25.15	24.60	19.33	8.63	8.22	9.10	9.34	9.34	14.52	19.46	22.19	28.50	27.60	34.09	8.07	20.41	20.25	9.40	16.42	7.59	10.06	14.42	19.89	22.82	25.73	25.75	25.20	5.13	22.87	2.62	2.62	15.52	30.61	36.74	20.77	5.13	15.01	16.53	4.14	31.13	34.30	17.18	20.04	22.61	21.89	7.98	18.62	21.58	28.42	27.60	10.35	23.08	9.33	17.33	17.88	17.18	20.11	17.33	17.33	10.78	7.94	8.79	8.31	9.45	15.58	6.90	18.98	19.42	5.08	24.96	17.86	22.91	16.01	28.40	10.33	9.93	22.98	15.98	19.59	23.19	18.64	30.86	34.34	32.42	17.33	21.29	2.67	22.53	18.40	21.63	15.70	17.12	14.16	3.82	25.33	24.48	23.97	23.25	9.99	8.07	17.57	7.55	18.08	19.25	12.25	19.34	3.78	20.15	15.52	27.84	32.64	27.57	8.62	11.70	4.80	13.13	8.27	8.64	20.96	5.20	7.08	9.75	3.29	3.29	9.60	6.82
fʼ	21.62	24.59	23.30	25.84	25.85	5.50	7.15	8.99	8.33	8.86	9.72	25.38	8.31	25.62	21.54	11.75	13.81	10.21	15.93	19.31	19.58	22.06	21.63	15.93	22.04	2.32	0.00	5.07	15.15	17.52	17.85	20.23	20.25	19.70	19.02	9.10	17.86	17.55	16.03	16.03	17.85	8.77	8.99	7.03	12.30	20.68	31.14	30.63	33.79	31.20	34.35	18.59	21.57	21.86	24.29	24.32	23.79	18.59	9.10	8.73	6.02	9.34	6.78	13.91	18.74	21.54	27.60	29.86	33.13	7.55	19.60	19.44	9.01	15.77	7.11	10.53	13.78	19.13	22.07	24.91	24.92	24.38	4.92	22.10	2.62	2.62	14.76	29.92	35.84	19.93	3.41	14.38	15.93	4.14	30.24	33.29	16.54	19.23	21.88	21.20	4.95	17.94	20.85	27.60	28.55	9.92	22.35	8.95	16.68	17.20	16.54	19.31	16.68	16.68	10.35	4.95	5.53	5.42	6.09	14.92	6.45	18.21	18.73	4.83	24.11	17.17	22.15	15.15	27.52	9.93	10.41	22.26	15.31	18.89	22.43	15.14	30.14	33.36	31.66	16.68	20.56	2.32	22.02	17.75	20.93	15.02	16.48	13.55	3.61	24.48	26.88	23.25	24.12	9.58	7.55	16.88	8.15	17.41	18.50	13.66	18.59	3.56	19.36	14.76	26.96	31.98	26.79	4.86	7.74	4.54	12.60	5.16	8.17	20.12	6.35	6.66	9.31	3.29	3.29	9.18	5.39
h	12.12	14.38	12.60	14.57	14.58	6.51	8.53	10.10	7.64	7.64	7.51	21.94	6.97	23.31	16.87	10.53	12.21	8.73	9.66	10.20	13.23	11.79	11.78	9.66	11.77	5.37	5.07	0.00	9.66	10.55	13.78	12.23	12.24	11.78	12.25	4.80	16.13	15.86	15.30	15.30	12.64	4.80	5.11	4.49	6.26	12.14	20.63	20.98	23.77	20.51	23.35	10.29	12.09	15.30	14.22	14.24	14.10	10.29	4.80	4.80	4.49	3.79	3.79	7.92	12.01	14.13	35.52	34.47	44.57	6.27	27.08	19.56	8.23	20.13	6.66	9.03	13.00	10.29	12.60	14.83	14.86	14.10	5.08	11.98	2.46	2.46	9.66	21.04	26.60	10.74	5.36	12.83	9.66	4.83	19.71	19.89	9.66	11.12	11.67	12.28	5.89	10.29	12.09	37.50	36.51	6.35	19.05	6.88	9.66	11.84	9.66	10.20	9.66	9.66	7.51	4.62	5.05	6.51	6.69	8.67	2.87	10.29	11.98	4.25	29.29	9.66	11.78	9.66	17.13	8.84	8.40	12.14	13.65	10.29	12.25	32.03	21.12	23.10	21.04	9.66	11.47	2.94	12.14	10.30	12.14	8.74	9.49	12.25	4.27	28.02	27.10	28.34	27.42	6.88	4.80	21.80	4.49	9.66	10.29	20.36	10.29	4.58	12.14	9.66	16.24	22.41	16.53	4.49	5.73	5.37	13.90	6.21	3.51	12.25	3.17	4.99	8.18	3.83	3.83	5.78	14.87
i	9.86	11.40	8.14	8.52	8.53	5.08	6.53	8.86	11.53	10.94	5.43	23.44	7.81	23.90	17.67	9.18	10.57	7.49	2.84	1.99	1.99	2.58	2.47	2.84	3.99	15.52	15.15	9.66	0.00	2.10	2.10	3.99	2.23	2.38	1.03	10.68	38.60	38.15	34.91	34.91	21.52	10.68	10.68	10.68	14.89	4.93	9.12	7.66	10.02	7.30	11.54	5.71	7.03	7.03	8.69	8.54	9.79	5.71	9.66	9.66	9.03	13.13	13.13	4.42	4.92	6.73	61.41	61.41	76.91	12.14	41.64	54.06	13.97	31.85	12.14	17.47	18.77	4.91	6.28	6.74	7.95	5.89	7.49	6.14	12.71	12.71	2.24	22.78	28.44	6.10	11.53	7.49	2.77	19.35	7.66	10.13	3.43	5.66	6.54	6.84	5.08	5.71	7.90	60.27	57.48	4.91	20.57	4.92	4.24	4.24	3.43	4.03	4.24	4.24	4.85	4.74	5.12	5.06	7.22	6.81	5.12	5.71	2.24	5.08	46.16	3.86	3.86	2.14	11.07	14.78	19.30	4.67	8.44	4.91	6.14	7.66	4.87	7.97	6.45	4.24	9.35	9.66	6.99	4.93	4.67	4.67	4.93	6.08	7.22	43.34	42.04	43.93	42.69	4.85	12.14	31.54	16.06	4.08	4.91	8.05	5.71	14.26	3.35	3.17	19.95	23.60	17.74	8.40	11.92	9.38	4.30	5.81	4.85	4.67	6.14	5.08	14.58	15.88	15.88	4.51	5.20
iː	11.40	6.16	6.15	10.23	10.24	6.53	5.08	9.79	13.33	12.56	7.05	26.45	9.84	27.00	20.53	6.86	12.40	9.18	2.84	1.99	1.99	3.27	3.14	2.84	5.17	18.23	17.52	10.55	2.10	0.00	1.03	4.58	2.81	2.75	2.10	11.62	43.06	42.74	38.62	38.62	24.33	11.62	13.08	11.39	17.41	5.92	10.61	10.02	7.66	9.26	13.55	7.03	5.71	5.71	10.34	10.37	11.43	7.03	11.36	10.97	14.21	15.72	15.03	5.41	4.46	8.63	88.38	85.98	100.39	12.14	46.81	63.10	16.56	34.98	12.14	20.49	20.96	6.28	4.91	6.74	9.65	7.71	9.29	8.25	14.14	13.52	2.50	25.77	30.77	7.79	13.33	9.84	2.77	21.28	9.44	11.69	4.27	7.28	8.13	8.71	5.85	7.90	5.71	86.83	84.48	6.16	23.46	6.19	4.84	4.84	4.03	3.43	4.84	5.13	6.47	5.23	5.89	6.57	8.14	8.51	6.97	6.38	2.77	6.36	52.62	4.41	4.78	2.59	12.95	17.37	22.40	5.92	9.84	6.28	8.25	11.01	6.09	11.05	8.20	5.13	10.80	12.35	8.75	5.92	5.92	5.92	5.92	7.86	9.42	49.18	47.98	49.73	48.66	5.59	12.14	34.64	18.37	4.67	6.28	9.61	7.29	15.74	4.12	3.80	22.81	26.63	20.61	12.62	17.35	11.23	5.18	6.65	6.97	5.38	7.96	7.76	16.39	18.14	17.32	5.52	6.70
iˑ	11.60	6.33	5.99	11.44	11.46	6.53	5.08	9.95	13.33	12.56	7.05	26.72	9.84	27.36	20.86	6.86	12.63	9.18	2.84	1.99	1.99	3.34	3.22	2.84	5.31	18.51	17.85	13.78	2.10	1.03	0.00	4.58	2.87	2.75	2.10	11.62	43.51	43.03	38.95	38.95	24.64	11.62	13.08	11.39	17.70	5.92	10.80	10.02	7.66	9.47	13.77	7.03	5.71	5.71	10.49	10.51	11.62	7.03	15.35	14.53	14.48	15.72	15.03	5.52	4.46	8.81	89.21	87.14	100.69	12.14	47.49	63.91	16.78	35.27	12.14	20.80	21.19	6.28	4.91	6.74	9.65	7.92	9.49	8.25	14.14	13.52	2.50	26.04	31.09	7.98	13.33	9.84	2.77	21.58	9.44	11.86	4.27	8.71	8.34	8.88	5.85	8.10	5.71	87.51	85.14	6.34	23.71	6.19	4.84	4.84	4.09	3.43	4.84	5.13	6.47	5.36	5.89	6.76	8.14	8.70	6.97	6.55	2.77	6.36	53.20	4.51	4.89	2.66	13.19	17.68	22.67	5.92	9.84	6.28	8.25	11.19	6.28	11.05	10.87	5.13	11.00	15.35	8.91	5.92	5.92	5.92	5.92	8.07	9.42	49.70	48.59	50.53	48.97	5.59	12.14	34.96	18.37	4.76	6.28	9.77	7.47	16.04	4.19	3.87	23.13	26.93	20.86	12.82	17.65	11.39	5.31	6.86	6.97	5.38	10.81	7.76	16.67	18.14	17.58	5.63	6.90
iˤ	13.18	15.64	11.44	5.91	11.76	8.86	9.79	5.08	14.89	14.43	8.54	29.20	11.11	29.71	23.03	12.40	6.86	10.75	3.51	5.17	5.31	6.55	6.24	3.51	1.99	21.03	20.23	12.23	3.99	4.58	4.58	0.00	5.58	5.35	4.53	14.89	47.94	47.37	42.80	42.80	27.38	14.89	15.68	14.43	10.68	7.49	4.46	11.76	13.39	10.84	15.89	8.69	10.34	10.49	5.71	12.00	13.31	8.69	13.23	12.71	12.25	18.60	17.94	6.79	8.63	4.46	76.91	74.51	57.67	15.49	52.16	69.42	19.47	38.04	15.49	23.18	12.74	6.74	6.74	4.91	9.76	9.42	10.88	9.91	16.05	15.73	3.05	28.44	27.85	9.36	16.05	11.11	3.85	23.87	11.01	13.57	5.07	9.07	9.78	10.26	7.88	9.53	11.21	74.80	72.49	7.69	26.22	7.82	6.01	6.01	4.76	5.95	6.01	6.01	7.90	7.28	8.21	8.37	9.91	10.06	8.78	8.11	3.40	7.99	59.09	5.47	5.93	3.16	15.24	19.47	25.27	7.49	11.66	6.40	9.40	12.71	7.86	12.61	9.87	6.01	12.39	14.52	10.21	7.85	7.02	7.25	7.42	9.49	10.92	55.09	53.60	55.84	53.95	6.96	15.49	37.60	20.29	5.47	6.74	11.14	9.00	18.14	4.96	4.47	25.58	29.42	23.03	11.92	8.40	13.03	6.47	9.00	8.26	6.68	9.56	9.25	18.77	20.73	19.90	6.97	8.50
ĩ	13.19	15.67	11.46	11.76	5.58	8.80	9.80	12.16	15.32	14.66	8.77	33.40	11.22	32.72	30.84	12.42	14.61	10.77	3.59	3.27	3.34	1.99	3.88	3.59	6.55	21.06	20.25	12.24	2.23	2.81	2.87	5.58	0.00	3.36	2.68	13.76	48.00	47.47	42.85	42.85	26.91	13.19	15.27	13.12	20.01	7.30	12.34	2.01	2.30	1.97	5.88	8.54	10.37	10.51	12.00	5.71	13.33	8.54	13.26	12.72	12.62	18.24	17.55	7.30	8.64	10.24	100.80	100.16	100.80	15.50	99.56	86.10	19.03	67.66	15.50	23.23	23.46	7.95	9.65	9.76	4.91	9.43	10.89	9.91	16.38	15.74	3.87	34.54	41.26	9.38	15.79	11.12	3.85	23.89	1.96	2.00	5.08	9.08	10.11	10.11	7.90	9.32	11.23	88.89	86.95	7.96	30.47	7.83	5.65	5.65	4.76	5.96	5.65	6.38	7.92	7.29	8.24	8.38	10.42	10.07	8.79	8.54	4.45	8.01	59.18	5.65	5.94	3.17	15.26	19.97	25.29	7.97	11.75	7.95	9.41	2.76	6.61	2.01	2.63	6.38	12.40	14.54	10.22	7.30	7.97	7.97	7.30	6.45	10.94	55.23	53.63	55.87	54.03	6.97	15.50	66.97	20.30	6.38	7.95	11.15	9.32	18.15	4.98	4.48	31.58	33.77	31.84	11.31	15.64	13.04	7.66	9.19	8.27	7.66	9.58	9.26	18.88	20.77	19.93	6.99	8.52
i̘	16.98	26.03	26.03	22.08	22.11	8.49	9.49	11.82	14.88	14.22	8.44	28.70	10.88	29.35	22.58	12.05	14.19	10.46	2.84	3.14	3.22	3.88	1.99	2.84	6.24	20.53	19.70	11.78	2.38	2.75	2.75	5.35	3.36	0.00	2.38	13.35	46.99	46.50	42.00	42.00	26.50	12.78	14.83	12.73	19.49	7.38	11.98	11.10	12.97	10.53	15.46	9.79	11.43	11.62	13.31	13.33	5.71	9.79	12.85	12.36	12.23	17.63	16.96	6.49	8.29	9.96	75.34	73.14	89.40	15.22	51.11	68.78	18.51	37.49	14.75	22.63	22.90	5.89	7.71	9.42	9.43	4.91	10.58	9.66	15.98	15.27	2.97	28.04	32.62	15.04	15.34	10.79	3.61	23.48	10.60	13.17	11.81	17.45	11.50	12.02	7.52	10.10	11.78	73.51	71.53	7.57	25.69	7.47	5.05	5.37	11.35	13.10	5.37	5.70	7.54	6.98	7.90	8.06	10.13	9.80	8.48	9.24	3.29	7.65	57.76	3.86	3.22	10.56	14.82	19.42	24.75	6.90	11.48	5.51	9.14	12.37	7.50	12.28	11.02	5.45	16.12	13.82	9.94	7.38	6.90	6.90	7.11	9.19	10.61	53.87	52.80	54.53	53.38	6.65	15.22	37.14	19.42	4.08	6.22	10.82	9.63	17.69	4.79	10.87	25.11	28.95	22.58	11.01	15.16	12.67	6.18	8.93	7.94	6.37	9.26	9.01	18.36	20.22	19.41	6.66	8.18
j	8.60	10.22	8.67	10.07	10.08	9.00	9.00	12.00	14.18	13.57	9.15	26.81	9.80	24.75	21.36	10.62	12.23	10.62	2.84	1.99	1.99	3.10	2.95	2.84	4.53	19.75	19.02	12.25	1.03	2.10	2.10	4.53	2.68	2.38	0.00	11.69	39.64	39.19	35.79	35.79	24.53	11.69	11.69	11.69	15.54	5.07	9.12	6.38	8.34	5.05	11.34	7.44	9.43	9.63	10.97	10.98	10.65	7.44	13.90	13.90	9.03	13.13	13.13	4.95	4.92	7.12	65.05	65.05	82.12	12.14	45.77	54.36	13.97	34.68	12.14	18.27	18.77	6.14	8.25	9.91	9.91	9.66	11.17	6.14	14.07	14.07	2.24	26.41	31.75	5.54	14.62	9.80	2.77	20.55	5.65	6.38	3.78	7.12	7.67	8.28	9.00	7.44	9.15	64.70	62.24	7.14	23.69	8.42	6.14	5.96	3.97	4.61	5.84	6.29	8.65	6.78	7.52	7.90	6.76	7.11	7.58	6.81	2.24	7.88	48.75	5.40	8.11	2.45	11.51	14.78	20.28	4.99	9.80	6.14	6.14	6.38	3.88	5.65	7.22	6.64	7.93	13.90	5.13	5.07	4.99	4.99	4.95	6.51	6.34	45.44	43.99	46.26	44.44	7.88	12.14	33.58	16.06	5.73	6.14	5.42	6.81	16.81	3.35	3.78	23.37	24.38	20.85	8.40	11.92	9.93	4.24	5.66	7.55	4.56	9.90	9.00	14.58	16.81	16.81	6.36	5.58
k	15.57	18.14	18.14	22.54	20.62	3.51	4.27	5.20	4.53	3.41	4.11	27.44	14.95	22.64	21.78	6.73	8.57	4.96	10.68	13.09	13.09	15.36	14.90	10.68	17.05	7.74	9.10	4.80	10.68	11.62	11.62	14.89	13.76	13.35	11.69	0.00	28.46	28.15	25.26	25.26	24.69	1.03	2.24	1.94	4.53	12.14	19.74	18.58	21.57	20.36	23.28	13.72	16.06	16.06	21.25	18.79	18.29	13.72	2.24	2.24	2.24	4.60	3.58	8.24	13.78	16.17	42.92	35.40	46.13	2.63	27.25	21.53	4.01	21.00	2.26	4.34	5.64	11.26	13.40	17.15	15.76	15.29	8.79	12.93	4.80	4.49	10.68	36.42	45.55	15.57	6.57	8.80	10.68	10.96	17.54	15.47	10.68	13.28	16.52	17.27	3.24	13.72	16.54	44.42	43.78	4.03	21.52	3.78	10.68	10.68	10.68	13.09	10.68	10.68	5.29	2.88	3.18	4.37	5.53	9.52	5.67	13.13	11.69	5.05	38.78	10.68	13.08	10.68	17.04	10.25	9.84	12.14	9.23	10.30	12.93	28.11	21.75	20.03	21.23	10.68	14.62	4.80	12.14	9.75	12.14	7.90	8.91	13.13	10.25	33.50	32.02	33.99	32.33	4.82	3.13	20.67	3.13	10.68	11.26	20.84	13.13	7.64	12.32	10.68	30.74	32.04	30.74	1.99	4.53	12.20	11.98	4.07	8.42	11.69	1.99	6.31	7.28	9.27	8.85	3.72	14.09
kǀ	44.79	50.29	52.52	56.78	56.90	31.01	34.21	37.52	28.57	27.67	28.99	40.49	29.97	32.54	40.29	31.99	35.02	28.22	40.01	46.37	46.83	51.18	50.01	40.01	51.13	18.44	17.86	16.13	38.60	43.06	43.51	47.94	48.00	46.99	39.64	28.46	0.00	10.16	4.56	4.56	5.64	27.64	29.49	27.56	34.31	36.95	45.40	38.48	42.34	35.36	34.71	45.26	50.68	51.23	55.52	55.61	54.50	45.26	29.49	28.72	28.63	16.01	11.99	23.27	21.56	23.82	50.84	49.20	62.99	27.01	38.25	31.67	28.29	36.44	26.27	26.30	32.90	42.42	47.55	52.44	52.54	51.50	20.68	43.53	18.95	18.21	39.81	57.98	69.55	47.16	20.73	20.08	41.67	25.57	35.77	30.93	42.88	48.31	49.54	51.65	14.27	45.26	50.68	59.25	57.14	29.72	41.60	12.52	40.92	41.31	41.36	46.37	40.92	42.34	30.18	13.53	30.11	31.01	17.39	23.84	17.91	43.84	41.12	18.04	71.17	38.13	46.48	37.54	44.10	20.83	20.00	37.82	22.21	40.97	42.12	44.33	36.96	36.23	39.93	42.34	43.15	16.69	37.47	19.51	36.08	20.18	18.25	23.24	21.30	52.38	50.76	42.29	41.17	13.58	27.90	39.08	27.06	39.46	42.42	38.46	43.84	24.47	38.76	39.81	60.15	39.91	57.85	26.40	32.29	24.08	21.46	13.28	18.00	38.58	22.80	18.66	13.41	22.47	21.79	13.09	31.43
kǁ	46.52	52.03	51.96	56.07	56.19	30.66	33.82	37.16	29.46	28.62	29.72	39.96	29.74	33.20	41.60	31.68	34.67	29.13	41.36	45.58	46.28	50.60	49.45	41.36	50.50	18.19	17.55	15.86	38.15	42.74	43.03	47.37	47.47	46.50	39.19	28.15	10.16	0.00	10.46	10.46	11.10	27.37	29.18	27.30	33.94	37.82	44.76	38.10	41.93	36.23	35.49	44.64	49.92	50.62	54.95	55.06	53.98	44.64	29.18	28.35	28.28	15.72	11.78	19.45	24.13	26.70	50.08	48.84	62.31	27.90	36.17	32.31	27.97	39.08	27.12	25.94	32.58	41.90	46.93	51.88	51.98	50.86	20.33	43.08	18.64	17.97	39.49	57.02	69.29	46.54	21.51	20.92	42.88	25.30	35.53	30.72	42.40	47.72	49.15	50.99	14.01	44.64	49.92	52.57	50.89	29.52	41.11	13.09	40.38	40.91	41.00	45.58	40.43	41.86	30.95	13.25	29.83	30.66	17.15	22.37	17.61	43.36	40.53	17.77	72.67	37.67	45.69	38.60	43.61	20.50	19.71	37.46	21.89	40.44	41.75	54.92	37.65	35.85	39.59	41.80	44.28	16.43	38.54	21.53	35.67	18.68	20.18	26.02	21.07	51.83	49.89	52.38	50.76	14.25	27.49	37.05	26.69	38.91	41.90	39.70	43.36	24.14	39.77	39.49	59.05	46.72	60.15	25.97	31.95	23.83	23.45	13.04	18.64	38.16	22.49	18.37	16.69	22.18	21.55	12.86	29.81
